1, 1.063405, 0.262641
2, 0.518345, 0.139816
3, 0.301520, 0.287114
4, 1.041781, 0.735679
5, 0.749809, 0.668686
6, 0.970244, 0.237477
7, 0.578558, 0.180161
8, 1.058715, 0.738484
9, 0.317459, 0.249647
10, 0.672116, 0.729768
11, 0.847828, 0.529710
12, 0.919486, 0.376539
13, 0.641831, 0.538725
14, 0.346856, 0.866276
15, 0.785946, 0.619131
16, 0.488093, 0.381814
17, 0.387163, 0.414117
18, 0.304640, 0.713376
19, 0.680991, 0.740965
20, 1.207945, 0.386718
21, 0.707599, 0.368153
22, 0.434794, 0.454786
23, 0.769968, 0.076492
24, 0.863832, 0.743333
25, 0.343410, 0.410559
26, 0.354370, 0.726679
27, 0.535348, 0.505647
28, 0.368436, 0.169110
29, 0.958480, 0.143781
30, 0.821082, 0.367843
31, 0.453816, 0.310064
32, 1.103243, 0.286632
33, 1.260462, 0.102770
34, 0.460954, 0.882293
35, 1.068651, 0.658535
36, 0.394367, 0.681883
37, 0.375021, 0.710383
38, 0.832157, 0.566361
39, 0.990663, 0.175638
40, 1.137374, 0.279096
41, 1.274889, 0.254524
42, 1.279857, 0.747605
43, 1.160492, 0.627410
44, 1.031102, 0.262905
45, 1.231340, 0.438628
46, 0.895240, 0.567133
47, 1.298627, 0.632649
48, 1.099809, 0.017027
49, 0.530192, 0.894094
50, 0.890844, 0.488932
51, 0.650618, 0.309871
52, 1.007963, 0.003948
53, 1.049158, 0.271484
54, 0.606734, 0.036287
55, 0.662570, 0.326203
56, 0.757668, 0.141909
57, 1.140579, 0.645269
58, 0.470738, 0.421771
59, 0.514315, 0.355746
60, 1.073133, 0.508940
61, 0.539808, 0.773077
62, 1.206970, 0.689316
63, 1.161321, 0.238479
64, 0.417961, 0.780143
65, 1.045144, 0.672296
66, 1.043928, 0.492174
67, 1.147899, 0.130334
68, 1.016869, 0.426941
69, 0.947195, 0.061505
70, 0.889199, 0.082378
71, 0.467889, 0.387118
72, 1.229356, 0.229429
73, 0.914993, 0.303771
74, 1.187454, 0.536039
75, 0.583732, 0.654779
76, 0.377296, 0.465142
77, 0.843525, 0.552157
78, 0.334314, 0.233102
79, 0.326606, 0.836783
80, 0.490030, 0.778863
81, 0.633215, 0.527863
82, 1.236667, 0.780568
83, 0.878928, 0.277818
84, 1.160901, 0.617081
85, 0.471553, 0.802058
86, 0.957381, 0.558494
87, 1.156842, 0.358961
88, 0.779365, 0.375312
89, 0.605535, 0.852619
90, 0.758590, 0.332650
91, 1.226642, 0.375740
92, 1.063354, 0.372619
93, 1.146755, 0.536307
94, 1.145209, 0.635403
95, 1.147952, 0.751592
96, 0.817425, 0.887849
97, 1.142984, 0.374303
98, 0.486643, 0.791450
99, 0.579665, 0.335009
100, 0.778745, 0.722545
101, 0.904931, 0.666497
102, 0.874160, 0.556463
103, 0.352187, 0.370747
104, 1.021016, 0.218046
105, 0.665940, 0.396708
106, 0.949451, 0.644198
107, 0.327399, 0.060166
108, 0.489307, 0.340606
109, 0.326150, 0.667094
110, 1.270417, 0.649485
111, 1.095632, 0.129466
112, 1.254250, 0.150757
113, 1.208473, 0.679237
114, 0.413811, 0.104537
115, 0.819989, 0.355992
116, 0.580769, 0.337637
117, 0.801046, 0.076580
118, 0.386914, 0.652678
119, 1.010747, 0.785810
120, 0.426632, 0.106496
121, 0.536150, 0.278646
122, 0.339089, 0.528107
123, 0.877635, 0.744527
124, 1.275955, 0.405112
125, 1.104549, 0.367563
126, 0.611074, 0.104513
127, 0.572780, 0.669371
128, 0.717170, 0.810332
129, 1.117023, 0.881717
130, 1.275199, 0.801805
131, 1.110281, 0.351528
132, 0.482761, 0.696952
133, 0.959935, 0.074276
134, 0.886128, 0.631066
135, 1.033159, 0.550054
136, 1.124837, 0.181646
137, 0.984801, 0.412837
138, 0.395971, 0.815592
139, 0.721511, 0.233169
140, 0.328735, 0.206369
141, 0.505776, 0.627962
142, 0.674565, 0.096160
143, 1.071995, 0.021900
144, 0.428135, 0.200861
145, 0.417918, 0.329838
146, 0.717654, 0.297916
147, 1.033173, 0.402139
148, 0.558710, 0.479004
149, 0.462856, 0.314140
150, 1.094047, 0.336314
151, 0.613571, 0.864748
152, 0.476282, 0.817224
153, 0.572164, 0.801838
154, 0.359516, 0.258220
155, 0.759808, 0.061930
156, 1.080394, 0.235330
157, 0.925008, 0.304465
158, 1.008950, 0.890689
159, 1.265150, 0.514109
160, 0.887965, 0.813083
161, 0.405215, 0.646531
162, 0.976406, 0.019901
163, 0.840854, 0.756807
164, 0.863891, 0.567251
165, 0.746339, 0.245856
166, 1.109641, 0.173195
167, 0.655211, 0.446148
168, 0.507864, 0.214636
169, 0.488493, 0.338376
170, 1.194193, 0.756034
171, 0.829562, 0.480174
172, 0.569675, 0.293933
173, 1.163069, 0.035217
174, 1.125172, 0.078189
175, 0.881799, 0.889603
176, 1.192076, 0.690866
177, 1.080876, 0.636081
178, 0.538319, 0.023533
179, 1.073908, 0.277844
180, 0.477395, 0.270842
181, 0.632002, 0.440558
182, 0.366619, 0.839351
183, 1.182596, 0.274813
184, 0.769569, 0.082236
185, 0.564000, 0.600800
186, 0.466407, 0.331231
187, 0.444966, 0.878777
188, 0.340883, 0.857764
189, 1.027624, 0.705336
190, 0.697328, 0.673114
191, 0.399004, 0.178904
192, 1.265488, 0.353704
193, 0.919147, 0.736942
194, 1.111565, 0.398037
195, 1.015391, 0.047727
196, 0.941068, 0.321888
197, 1.184504, 0.038261
198, 0.719706, 0.499765
199, 1.113985, 0.183732
200, 0.487623, 0.033933
201, 0.323299, 0.140586
202, 0.797889, 0.485773
203, 0.888992, 0.303955
204, 0.728974, 0.289388
205, 1.039976, 0.236578
206, 0.527401, 0.872211
207, 0.389392, 0.400878
208, 1.295961, 0.581606
209, 0.830344, 0.170194
210, 1.278868, 0.878507
211, 1.241913, 0.677107
212, 0.522168, 0.773284
213, 0.730187, 0.117409
214, 1.093558, 0.392232
215, 1.199459, 0.701823
216, 0.554974, 0.617771
217, 0.641163, 0.599166
218, 0.395353, 0.122852
219, 1.003406, 0.641108
220, 0.887866, 0.193560
221, 0.820344, 0.221224
222, 0.770257, 0.102726
223, 0.551732, 0.679895
224, 1.144952, 0.360255
225, 0.940644, 0.275271
226, 0.313412, 0.890859
227, 0.382206, 0.733291
228, 0.646538, 0.475356
229, 0.980163, 0.213938
230, 1.184446, 0.242814
231, 0.396213, 0.288933
232, 0.379835, 0.562757
233, 0.485021, 0.142631
234, 1.253295, 0.565829
235, 1.112712, 0.175976
236, 0.794077, 0.804881
237, 0.779426, 0.317208
238, 1.247916, 0.637879
239, 0.624322, 0.435888
240, 0.973374, 0.747079
241, 1.191486, 0.735742
242, 1.075225, 0.134097
243, 0.509446, 0.400037
244, 0.845147, 0.685330
245, 0.889792, 0.307174
246, 0.901996, 0.319879
247, 1.136403, 0.192518
248, 0.778101, 0.640312
249, 0.827950, 0.407715
250, 1.151124, 0.510937
251, 1.237951, 0.646086
252, 0.332631, 0.642419
253, 0.870352, 0.068047
254, 0.576713, 0.853787
255, 1.290825, 0.306916
256, 0.430931, 0.590671
257, 0.368139, 0.210737
258, 0.377487, 0.361634
259, 0.426953, 0.024233
260, 0.425108, 0.719513
261, 0.885016, 0.863198
262, 0.942314, 0.016135
263, 0.453774, 0.340471
264, 1.086490, 0.359537
265, 0.615666, 0.406688
266, 1.068333, 0.732890
267, 1.030451, 0.698134
268, 1.142418, 0.312101
269, 0.744518, 0.157563
270, 0.989564, 0.795211
271, 0.691390, 0.255357
272, 0.780879, 0.329148
273, 1.218154, 0.228753
274, 0.499832, 0.819415
275, 0.978189, 0.749573
276, 0.695719, 0.158901
277, 0.561669, 0.703320
278, 0.798769, 0.805636
279, 0.519386, 0.385422
280, 1.259012, 0.790794
281, 0.876933, 0.450471
282, 0.885710, 0.610894
283, 0.746592, 0.850274
284, 0.646437, 0.661794
285, 1.169024, 0.217964
286, 0.641619, 0.600869
287, 0.690614, 0.114324
288, 0.412486, 0.694517
289, 0.388212, 0.292140
290, 0.814418, 0.126164
291, 0.556621, 0.377250
292, 1.246540, 0.558984
293, 1.200143, 0.541325
294, 0.993513, 0.722363
295, 0.573068, 0.356486
296, 1.015880, 0.539558
297, 1.002106, 0.765723
298, 0.825679, 0.289325
299, 0.945393, 0.362184
300, 0.772891, 0.479635
301, 0.610426, 0.155836
302, 1.232932, 0.186477
303, 0.891593, 0.229510
304, 0.380531, 0.775588
305, 0.862083, 0.264111
306, 0.769732, 0.620988
307, 1.150405, 0.678191
308, 0.716110, 0.899546
309, 0.590294, 0.375496
310, 0.445571, 0.195207
311, 0.394732, 0.703684
312, 0.619308, 0.797298
313, 0.347170, 0.160136
314, 0.815752, 0.804188
315, 0.872587, 0.438281
316, 0.615227, 0.367901
317, 0.472644, 0.046339
318, 0.965620, 0.832914
319, 0.363796, 0.447324
320, 1.273996, 0.505266
321, 0.636997, 0.272020
322, 0.398026, 0.333081
323, 0.976237, 0.697599
324, 0.915040, 0.161706
325, 1.237249, 0.471404
326, 0.757916, 0.570166
327, 0.753096, 0.622460
328, 1.276157, 0.436736
329, 0.782000, 0.142245
330, 1.072560, 0.161710
331, 0.624033, 0.487775
332, 0.915544, 0.043860
333, 1.169485, 0.841802
334, 0.948156, 0.737601
335, 1.003976, 0.591183
336, 0.968279, 0.127677
337, 0.688182, 0.035783
338, 0.909094, 0.080311
339, 1.135884, 0.183809
340, 0.584033, 0.375355
341, 0.469867, 0.231370
342, 0.712002, 0.564184
343, 0.825094, 0.052243
344, 0.858753, 0.055265
345, 0.834075, 0.205556
346, 0.541099, 0.609024
347, 0.729352, 0.052556
348, 1.167221, 0.094382
349, 1.022079, 0.684002
350, 0.633569, 0.333564
351, 1.258329, 0.721084
352, 0.994186, 0.437706
353, 0.619916, 0.532636
354, 1.175210, 0.678759
355, 0.864761, 0.712682
356, 0.358467, 0.291423
357, 0.893824, 0.221665
358, 1.135203, 0.076048
359, 1.074126, 0.783345
360, 1.257110, 0.727125
361, 0.882778, 0.201855
362, 0.761525, 0.395526
363, 1.099924, 0.135809
364, 0.421161, 0.238796
365, 1.056004, 0.885015
366, 0.791820, 0.724597
367, 0.965554, 0.282731
368, 0.416689, 0.842448
369, 0.879435, 0.600011
370, 0.351744, 0.605941
371, 0.890632, 0.678894
372, 1.081912, 0.854097
373, 0.323441, 0.146376
374, 0.335796, 0.624521
375, 0.968376, 0.480296
376, 0.324806, 0.398237
377, 0.957573, 0.035696
378, 0.515438, 0.054390
379, 1.283143, 0.597989
380, 0.357567, 0.531093
381, 1.225472, 0.303342
382, 0.362830, 0.777124
383, 0.682739, 0.696888
384, 0.661030, 0.140785
385, 0.319831, 0.021038
386, 1.093827, 0.667197
387, 0.454445, 0.237865
388, 0.806945, 0.263576
389, 1.021781, 0.198090
390, 1.262938, 0.040011
391, 0.589936, 0.868095
392, 0.367583, 0.629693
393, 0.547634, 0.382492
394, 0.414131, 0.370671
395, 0.940629, 0.526443
396, 0.846786, 0.475593
397, 0.569049, 0.527264
398, 0.836939, 0.274623
399, 0.411949, 0.253966
400, 0.985321, 0.716367
401, 1.116255, 0.236071
402, 1.237684, 0.619344
403, 0.385979, 0.197851
404, 0.748642, 0.050195
405, 0.365739, 0.281956
406, 0.828794, 0.116625
407, 0.953493, 0.129227
408, 0.867244, 0.113159
409, 1.035468, 0.410729
410, 0.556801, 0.743055
411, 0.458383, 0.844703
412, 1.202415, 0.263791
413, 0.598078, 0.648669
414, 1.030490, 0.795128
415, 0.302363, 0.742667
416, 0.969022, 0.583405
417, 0.426399, 0.694066
418, 1.005484, 0.158823
419, 0.826993, 0.657786
420, 0.909588, 0.378714
421, 0.342702, 0.369545
422, 0.646230, 0.854063
423, 0.900948, 0.587390
424, 1.240259, 0.344688
425, 1.042294, 0.867425
426, 0.514983, 0.153327
427, 0.874883, 0.334826
428, 0.824466, 0.895645
429, 0.961141, 0.521412
430, 0.552951, 0.570797
431, 0.450737, 0.717070
432, 0.466247, 0.545713
433, 1.177512, 0.528425
434, 0.367513, 0.276825
435, 0.565775, 0.149996
436, 0.751972, 0.606249
437, 0.319929, 0.683792
438, 0.907241, 0.848144
439, 0.942724, 0.061095
440, 0.445301, 0.053679
441, 0.612877, 0.696235
442, 1.259760, 0.236789
443, 0.432731, 0.276098
444, 0.970852, 0.654705
445, 0.791103, 0.037294
446, 0.461155, 0.759359
447, 0.388901, 0.135465
448, 1.189991, 0.211262
449, 0.400043, 0.225036
450, 0.805950, 0.752922
451, 0.358328, 0.757051
452, 0.890527, 0.723263
453, 0.619796, 0.873506
454, 1.000510, 0.246690
455, 1.192294, 0.591597
456, 1.292599, 0.236894
457, 0.407838, 0.813142
458, 0.357959, 0.852413
459, 0.824659, 0.786848
460, 0.832092, 0.046548
461, 0.461462, 0.406813
462, 0.857101, 0.237337
463, 1.122265, 0.592950
464, 0.771560, 0.517137
465, 0.858681, 0.784458
466, 0.767680, 0.755715
467, 0.338823, 0.493362
468, 0.855808, 0.341946
469, 0.375388, 0.307491
470, 0.918179, 0.783539
471, 1.198266, 0.850505
472, 0.518953, 0.226777
473, 0.469600, 0.725730
474, 0.485830, 0.318274
475, 0.669326, 0.702794
476, 0.897783, 0.210000
477, 0.503769, 0.780612
478, 1.033571, 0.343653
479, 0.341063, 0.086003
480, 0.488392, 0.846407
481, 0.969968, 0.539241
482, 0.981352, 0.567204
483, 0.580115, 0.858739
484, 0.632744, 0.742109
485, 0.937081, 0.671492
486, 0.652272, 0.607272
487, 1.224756, 0.559776
488, 1.191632, 0.083250
489, 1.176335, 0.836212
490, 0.405839, 0.860172
491, 0.667880, 0.846293
492, 0.406236, 0.294655
493, 0.603924, 0.300680
494, 1.089422, 0.586007
495, 0.511562, 0.084107
496, 0.417848, 0.540629
497, 1.072060, 0.895837
498, 0.832858, 0.039075
499, 0.480166, 0.823349
500, 0.446128, 0.458746
501, 1.293421, 0.885190
502, 0.747255, 0.444475
503, 0.607735, 0.033428
504, 0.781723, 0.235264
505, 1.014986, 0.085083
506, 0.401407, 0.362584
507, 0.817525, 0.686688
508, 0.781188, 0.874731
509, 1.170650, 0.747796
510, 0.531428, 0.138929
511, 1.068200, 0.202262
512, 0.394526, 0.518358
